1.990000000000000000e+03
1.991000000000000000e+03
1.992000000000000000e+03
1.993000000000000000e+03
1.994000000000000000e+03
1.995000000000000000e+03
1.996000000000000000e+03
1.997000000000000000e+03
1.998000000000000000e+03
1.999000000000000000e+03
2.000000000000000000e+03
2.001000000000000000e+03
2.002000000000000000e+03
2.003000000000000000e+03
2.004000000000000000e+03
2.005000000000000000e+03
2.006000000000000000e+03
2.007000000000000000e+03
2.008000000000000000e+03
2.009000000000000000e+03
2.010000000000000000e+03
2.011000000000000000e+03
2.012000000000000000e+03
2.013000000000000000e+03
2.014000000000000000e+03
2.015000000000000000e+03
2.016000000000000000e+03
2.017000000000000000e+03
2.018000000000000000e+03
2.019000000000000000e+03
2.020000000000000000e+03
2.021000000000000000e+03
