5.486707507208000045e+00
6.268946766871999365e+00
5.896606479160000802e+00
5.172424860759999632e+00
5.450124602072000890e+00
5.324254983748000214e+00
5.030363452780000522e+00
5.049345749563999952e+00
5.714237832400001160e+00
5.780743920264000302e+00
5.420597627935999974e+00
5.017242922151999629e+00
5.696551666160000416e+00
5.567985126232001036e+00
5.495309145276000784e+00
5.186129968683999891e+00
5.672276104931999186e+00
5.397102724564000198e+00
5.434904438108000058e+00
5.391627988788000536e+00
5.268987211920000746e+00
5.758588348519999123e+00
5.139570929035999214e+00
5.465278682244000485e+00
5.347950817212001162e+00
5.303445267867999746e+00
5.873408149067999240e+00
5.663926626675999998e+00
6.086505042415999434e+00
5.567996315963999798e+00
5.750069841115999836e+00
5.178165115928000439e+00
5.424556727488000440e+00
5.702624156124000088e+00
5.457247574455999839e+00
5.743672277424000328e+00
5.448883996248000017e+00
5.384840504928390281e+00
