1.039359180400000149e+01
1.116380528499999691e+01
1.216534395899999943e+01
9.924301137000000494e+00
1.137820253599999987e+01
1.146113537000000093e+01
1.237448912999999884e+01
1.013864285300000034e+01
1.335874166099999982e+01
1.227538283800000052e+01
1.079361473899999879e+01
1.074657295200000107e+01
1.124464196899999990e+01
1.132683176099999933e+01
1.108820686700000024e+01
1.076746074899999961e+01
1.144813639199999855e+01
1.062069755999999998e+01
1.151684465100000132e+01
1.146491989200000106e+01
1.168644858300000244e+01
1.089824654300000084e+01
1.105194731599999969e+01
1.166069443200000144e+01
1.147944430100000268e+01
1.147863313000000041e+01
1.082170162299999916e+01
1.058069655400000109e+01
1.272593057700000152e+01
1.232456124900000027e+01
1.145063281100000019e+01
1.222995438700000115e+01
1.229844670800000017e+01
1.140228494099999779e+01
1.272896640499999954e+01
1.247928397599999961e+01
1.140328876300000083e+01
8.826605455999999350e+00
