7.333893459960000305e-01
1.034397916767999970e+00
8.285878198120000260e-01
7.889094437759999190e-01
1.167863926807999997e+00
8.660577594519999201e-01
1.055634376228000049e+00
7.938323741639999875e-01
9.228163075399999915e-01
8.906914568240000829e-01
7.773884508680001248e-01
8.499436828839999070e-01
9.985663863919999050e-01
1.076654082236000232e+00
5.617478917039999686e-01
9.824487828480000795e-01
7.983067094200000380e-01
9.196902380720000103e-01
7.477483831600000297e-01
3.025011264319999449e-01
4.889126469760000093e-01
7.046360544319999475e-01
6.839612364000000611e-01
3.787236705520000135e-01
4.177698077439999658e-01
5.198627378519999898e-01
7.239909956319999784e-01
5.464482938039999516e-01
3.114564346600000033e-01
1.776622227040000057e-01
3.384648119439999103e-01
2.207826879080000138e-01
1.992150146160000246e-01
5.899826291999999556e-02
6.757658098879999464e-01
4.613176270439999782e-01
1.953529128999999809e-01
1.173051539119999848e-01
1.773211017873333462e-01
