8.216033719999999985e-01
7.945172780000000490e-01
6.826409390000000021e-01
8.473037919999999446e-01
8.607864010000000343e-01
7.562146309999999705e-01
7.337103910000001283e-01
8.100750999999999369e-01
7.288910530000000110e-01
6.065104470000000081e-01
6.461057140000000532e-01
6.702036379999999349e-01
6.988943840000000352e-01
7.537683980000000616e-01
6.700857600000000858e-01
6.786842250000000298e-01
7.220909569999999222e-01
8.449651179999999595e-01
7.466349659999999000e-01
4.022432249999998710e-01
5.218237399999999804e-01
5.479521210000000142e-01
5.967034140000000431e-01
5.997355659999999977e-01
6.764771710000000438e-01
7.059989819999999972e-01
6.071688780000000785e-01
4.711970050000000021e-01
4.217725390000000574e-01
4.962956719999999655e-01
5.970269519999999996e-01
4.296622929999999729e-01
3.640464400000000822e-01
3.026667929999999895e-01
6.271234069999999106e-01
6.274729610000000513e-01
4.547243790000000119e-01
5.376562999999999759e-01
6.086683740000000675e-01
7.057113669999999228e-01
5.479724230000000418e-01
5.560741230000000312e-01
6.236321709999999019e-01
