1.770971612999999945e+00
1.943716741000000026e+00
1.908207002000000152e+00
2.448911410999999649e+00
2.280257223000000000e+00
1.767970586000000122e+00
2.065660562000000589e+00
1.737594845999999915e+00
1.677993435000000089e+00
1.845128485999999901e+00
1.212577741999999903e+00
2.078746733999999652e+00
1.692602893999999969e+00
1.708707954999999723e+00
2.277773864999999454e+00
1.667756148000000049e+00
1.837392585000000134e+00
2.008407880000000034e+00
1.934267900999999901e+00
2.209543798999999975e+00
2.046800198000000126e+00
1.717733406999999879e+00
1.860724730000000049e+00
1.851664872000000184e+00
2.132396641999999787e+00
1.683429845000000036e+00
1.893569495000000380e+00
2.125989847000000044e+00
1.887403310999999917e+00
1.954161226999999723e+00
1.703622184999999956e+00
1.752322996999999827e+00
1.930401133999999796e+00
2.246165549999999733e+00
2.151343075000000216e+00
1.972679015999999841e+00
2.053201844000000165e+00
1.707741766000000050e+00
