3.530472279999999685e+00
3.830703930999999951e+00
3.684036035000000098e+00
3.804539973999999880e+00
3.900830755999999955e+00
3.790620441999999812e+00
4.100797538000000131e+00
3.800050890000000070e+00
3.907560778999999762e+00
4.349759041000000437e+00
4.307360921999999981e+00
4.234051627999999567e+00
3.855020304000000397e+00
3.915691357000000039e+00
3.830049660999999883e+00
4.022055983999999640e+00
4.106977516999999800e+00
4.390781302000000608e+00
4.248599553000000029e+00
4.586521754000000506e+00
4.700300792000000172e+00
4.279827912000000012e+00
4.181389492000000097e+00
4.105255885000000049e+00
3.624215938999999942e+00
3.925104825999999658e+00
4.328328564000000434e+00
4.263170664000000443e+00
4.742254212999999829e+00
4.151738295999999551e+00
4.368919008999999853e+00
4.324151912999999681e+00
4.247342814999999661e+00
4.084685195000000490e+00
4.442006872000000328e+00
4.371177469000000038e+00
3.937144216999999724e+00
4.154892738000000030e+00
