1.654876373367999864e+00
1.080424016452000036e+00
1.447627778523999931e+00
1.218732213980000090e+00
1.313834800303999906e+00
1.298252747499999860e+00
1.428128065507999978e+00
1.628902400448000165e+00
1.173968326919999861e+00
9.903296040760000141e-01
1.409846998464000078e+00
1.657780799283999906e+00
1.191478442135999849e+00
1.164670584160000022e+00
1.262470958211999950e+00
1.232167098019999907e+00
1.223681437072000167e+00
1.508303743808000030e+00
1.003970483655999946e+00
1.247105858872000095e+00
1.196024281324000071e+00
1.310398420856000001e+00
1.464305089123999926e+00
1.218632504007999939e+00
1.472508996391999947e+00
1.425482085744000038e+00
9.759910235559999814e-01
1.051738574031999773e+00
1.121990044196000014e+00
1.058770902623999977e+00
1.470488277000000066e+00
1.665819999068000046e+00
1.143255799836000008e+00
1.518513314471999998e+00
1.779855637135999924e+00
1.355948025268000068e+00
1.353039060291999940e+00
1.032028893045333406e+00
