1.106317730816000156e+00
1.379580290227999884e+00
1.244421345780000188e+00
1.603232733176000124e+00
1.556899298267999887e+00
1.198488861627999835e+00
1.322875100003999993e+00
1.118765481611999846e+00
1.057720244303999912e+00
1.183562481532000055e+00
8.023324575999999375e-01
1.413908093067999916e+00
1.181440146719999973e+00
1.151923440755999950e+00
1.516331214955999984e+00
1.152471703760000077e+00
1.256952139920000100e+00
1.370475572511999918e+00
1.293120243128000002e+00
1.435671429055999981e+00
1.361118729368000047e+00
1.201759932619999915e+00
1.232507928791999996e+00
1.284400495227999928e+00
1.401056431104000133e+00
1.070630895140000094e+00
1.238737664672000305e+00
1.423073586516000022e+00
1.339745565003999994e+00
1.317531526264000163e+00
1.199630117299999910e+00
1.158948050879999858e+00
1.305492697575999950e+00
1.459754778255999863e+00
1.530599988212000051e+00
1.405547893700000106e+00
1.433317291395999948e+00
1.110901110374769907e+00
