6.047612407092000097e+00
6.390469297968000006e+00
6.862772531311999380e+00
6.155802666788000366e+00
6.541167511911999632e+00
6.797567221471999765e+00
7.327061165604000337e+00
6.331657290224000256e+00
8.936275918288000497e+00
7.313679959199999026e+00
6.560770002795999645e+00
6.612007148316000560e+00
6.665900046207999807e+00
6.056829898804000578e+00
6.540126621203999235e+00
6.990678672176001029e+00
7.075526560015999777e+00
6.087469470475999955e+00
6.893068454896001285e+00
6.663591516411999649e+00
6.675592248672001183e+00
6.816391102295999538e+00
6.214581834991999898e+00
7.517405877831999206e+00
7.073863758559999049e+00
6.801033502420000154e+00
6.166407921043999707e+00
6.323986099952000117e+00
8.317194963188001111e+00
7.264914859983998774e+00
6.957105645311998821e+00
6.770900751535999795e+00
7.295995408715999275e+00
7.248306500832000232e+00
8.211257296043999787e+00
8.087520035912000083e+00
6.929421722632000069e+00
5.272037358357475334e+00
