5.115438641680000176e-01
5.875481109519999912e-01
5.302714428079999820e-01
5.258616243160000314e-01
4.105391340079999618e-01
5.196228254760000276e-01
3.663396644200000440e-01
4.488302754159999575e-01
5.238609334839999798e-01
5.068200211159999968e-01
4.168575605479999391e-01
5.751265396639999583e-01
5.520145642479999948e-01
4.265744598279999633e-01
5.900266347639999687e-01
6.731981249039999948e-01
6.114440092799999782e-01
5.612631631240000418e-01
5.772600564640000265e-01
5.495532117079999779e-01
3.506647240000000387e-01
5.425276005840000693e-01
3.754354572560000269e-01
5.430410881480000063e-01
5.592556413159999185e-01
5.463531658039999517e-01
5.569240782479999430e-01
4.482484189040000233e-01
6.165495451520000003e-01
5.666173258200000173e-01
6.464375613159999423e-01
3.605982032999999753e-01
5.606149007599999790e-01
7.899721117519999947e-01
7.466908362999999937e-01
6.102216579400001617e-01
5.800494620599999651e-01
6.549220446363268611e-01
