1.274248259799999783e+00
1.193780639475999772e+00
1.238829545235999863e+00
1.838940423960000015e+00
1.616119864715999999e+00
1.248433951563999944e+00
1.387028180516000297e+00
1.238482589312000171e+00
1.255239509548000010e+00
1.276072160564000191e+00
8.566090412600000370e-01
1.375878784836000124e+00
1.377499346387999868e+00
1.198915610216000127e+00
1.420442777547999968e+00
1.481362741996000043e+00
1.272948112439999946e+00
1.337032744303999987e+00
1.362398226455999950e+00
1.489716081611999865e+00
1.452378791959999971e+00
1.054227000451999796e+00
1.302229353148000035e+00
1.219956042196000068e+00
1.410382060519999703e+00
1.149662702971999906e+00
1.552436835311999941e+00
1.447012117668000197e+00
1.362011626064000058e+00
1.257018416295999863e+00
1.274395978128000095e+00
1.103035084752000072e+00
1.417174605532000031e+00
1.594765611300000163e+00
1.420102484387999686e+00
1.573358583164000013e+00
1.210568587640000082e+00
1.269962119266795586e+00
