1.274824371999999872e+00
1.670406661999999987e+00
1.660663648000000103e+00
1.178868962000000131e+00
1.867438339000000225e+00
1.495131377999999955e+00
2.009414212000000255e+00
8.942637700000000134e-01
1.924097498999999933e+00
1.987436533000000338e+00
1.900865909000000187e+00
1.500707524999999931e+00
1.334788105000000114e+00
1.849875606999999977e+00
1.386696869000000110e+00
1.388858095000000015e+00
1.393413116000000063e+00
1.124769595000000066e+00
1.589399880999999848e+00
1.936173187000000073e+00
1.841931672999999936e+00
1.346316252999999907e+00
1.756472081000000074e+00
1.407015072999999949e+00
1.664805926000000325e+00
1.774663515000000302e+00
1.555835649999999903e+00
1.593609618000000117e+00
1.683391639999999967e+00
1.696435536000000077e+00
2.056377919999999637e+00
2.669078442000000440e+00
1.384665712000000104e+00
1.300537258000000085e+00
1.688706228999999892e+00
1.618191209999999991e+00
1.070913323000000084e+00
1.020233063000000051e+00
