9.182655090119999919e-01
8.793993405199999058e-01
9.576581971319999553e-01
1.125072546331999934e+00
1.062123789615999847e+00
9.316298355119999597e-01
7.723138629560000190e-01
8.120298392480000960e-01
7.328812005519999007e-01
8.713371797399999119e-01
7.351216841959999915e-01
1.009098500491999895e+00
8.724828852839999760e-01
8.194576903119998867e-01
9.927500297719999978e-01
1.014598388011999974e+00
9.715519456640000495e-01
9.124215556360000257e-01
8.851495258039998593e-01
9.170634897439999822e-01
8.373485641160000048e-01
8.251266897159998948e-01
8.255473667399999549e-01
8.889636343719999889e-01
9.158467760320000428e-01
8.436040036119999419e-01
8.554463210840002052e-01
9.658475295559999507e-01
9.297483084479999382e-01
9.632622937479999869e-01
1.002059315675999818e+00
7.172122160680000080e-01
1.053734883668000055e+00
1.029980175831999967e+00
1.235521998375999964e+00
9.450970358879999811e-01
9.634570840319999219e-01
7.778076528943907997e-01
