1.803912030000000044e+01
1.890721258599999999e+01
1.855538603799999819e+01
1.802074065199999708e+01
1.812689749400000139e+01
1.776233488900000168e+01
1.844138644899999946e+01
1.762024074300000009e+01
1.808177456300000330e+01
1.865835814700000128e+01
1.808423936899999873e+01
1.824913909800000056e+01
1.826301556599999287e+01
1.828405641299999829e+01
1.843871312499999959e+01
1.832448655700000018e+01
1.837762776399999964e+01
1.822257809399999928e+01
1.820047793399999847e+01
1.888749566999999985e+01
1.877622546899999989e+01
1.852600157999999908e+01
1.812992747400000226e+01
1.821998534299999761e+01
1.842971434499999717e+01
1.864916898499999931e+01
1.878070862499999905e+01
1.905197014299999836e+01
1.875667764599999998e+01
1.809881006300000195e+01
1.860341121600000136e+01
1.884799434500000004e+01
1.854555538500000011e+01
1.892182366000000115e+01
1.947653320599999915e+01
1.925492513699999719e+01
1.860670398199999909e+01
1.762999530500000134e+01
