1.190103468360000027e+00
8.865790810839999647e-01
1.115103736855999950e+00
9.189923888440000299e-01
9.789678699960000507e-01
9.367147590760001030e-01
1.166828318896000027e+00
1.191917295299999902e+00
1.086682698604000352e+00
8.136991794720001003e-01
8.703467863559999351e-01
9.365214040479999946e-01
6.536115479080000235e-01
7.638540122839998503e-01
8.731517225159999285e-01
8.669897918840000495e-01
8.479054167439998846e-01
7.696091102039999132e-01
7.681436622920000401e-01
8.591410038000000249e-01
1.044420833336000110e+00
9.774434121120000318e-01
8.538902333680000734e-01
7.176874458759999742e-01
9.531379942919999682e-01
1.055838100539999935e+00
6.819466310920000440e-01
6.740758844319999499e-01
6.838894341480000749e-01
6.680593063080000338e-01
6.977412030640001150e-01
1.122658117407999923e+00
8.043322643719998943e-01
8.048140295799999233e-01
1.106815435324000063e+00
8.589025481720000688e-01
1.031431935347999929e+00
6.017598094686451571e-01
