6.458345836000000340e+00
7.512223158000000289e+00
6.832353202000000181e+00
6.088347991000000903e+00
6.203797090000001013e+00
6.163240344000000093e+00
6.332966380000000228e+00
6.105878483999998885e+00
6.868269105000000430e+00
7.001562354999999904e+00
6.269006895000000412e+00
5.909509392000000361e+00
6.874768015999999982e+00
6.887722078000000359e+00
6.252566394000000471e+00
6.157909746999999712e+00
6.649022130999999725e+00
6.363151271000000442e+00
6.704449996000000134e+00
6.597018370999999881e+00
6.188097894999999404e+00
6.550125481999999444e+00
6.490852900000000147e+00
6.660733347999999943e+00
6.319400133999999447e+00
6.244587426999999913e+00
6.965921886000000285e+00
6.824335652999999446e+00
6.810589379000000498e+00
6.522133428999999261e+00
6.326640965000000172e+00
6.234933133999999377e+00
6.516820673999999869e+00
6.607460807999999908e+00
6.647877191000000074e+00
6.540517048000000777e+00
6.676010403999999454e+00
6.689056552000000266e+00
