9.047616732565136877e-01
6.124086909314780947e-01
4.817233836640524292e-01
5.140812111374352122e-01
5.260026112719025093e-01
6.230468385103328233e-01
6.274310467014063697e-01
6.948919117431988646e-01
6.430613286170075993e-01
5.492548648055498584e-01
2.289776642218278868e-01
8.647012430654892057e-02
2.221182830891994808e-01
4.353012106849698526e-01
3.138414264578736068e-01
5.267547086699475578e-01
2.118632834821291833e-01
9.261820285792040641e-01
4.784997954372532947e-01
5.574496166488980275e-01
3.345915755321786089e-01
3.077191993835992068e-01
6.473059892976472662e-01
2.109963685855337778e-01
1.440762958198851806e-01
3.317189730027934602e-01
4.370107766511827779e-02
1.359102769128945620e-01
1.079184763086377674e-01
5.745848492251690032e-02
7.511070034537915829e-02
1.268703514506830665e-01
4.736163141991229369e-02
8.426564412893564060e-03
2.057664917796249715e-01
9.418010666703517664e-02
2.332113379537362891e-02
3.401186897204545867e-02
5.428223134694387664e-02
8.302689220826861560e-02
1.319713136798366868e-02
9.400190804627776842e-03
2.240108108810658777e-02
