2.362921097000000081e+00
1.626640381999999718e+00
2.060138398999999954e+00
1.772032114000000158e+00
1.826230442000000176e+00
1.780438418000000134e+00
1.790819404999999920e+00
2.304408689000000177e+00
1.558712434000000258e+00
1.399563005000000082e+00
1.943646643000000118e+00
2.399032890000000418e+00
1.809734283999999915e+00
1.721922965000000083e+00
1.824798517999999925e+00
1.926188501000000164e+00
1.739109004999999986e+00
2.294725296000000192e+00
1.463990413000000101e+00
1.715319358000000127e+00
1.719129338000000118e+00
1.689920737999999867e+00
2.158979468000000068e+00
1.834155187000000131e+00
2.172584805999999702e+00
2.077197648999999924e+00
1.320488993999999972e+00
1.622292072999999890e+00
1.633998204000000065e+00
1.548793905999999998e+00
2.333150687000000278e+00
2.220567501999999749e+00
1.596647755000000224e+00
2.107860606000000026e+00
2.524036262000000530e+00
2.013119604999999979e+00
1.869919174999999933e+00
1.636563049999999908e+00
