2.506355434999999687e+00
1.882737874000000033e+00
2.247854575000000299e+00
1.877237301999999941e+00
2.117898253999999980e+00
2.354776317000000230e+00
2.317446488999999943e+00
2.498089258999999895e+00
2.015602191999999793e+00
1.764661935999999764e+00
2.104408410000000451e+00
2.421408734000000340e+00
2.208559054999999827e+00
1.818287102000000210e+00
2.126263632000000126e+00
2.485904432999999525e+00
1.933884640999999904e+00
2.316285138000000021e+00
1.721060545999999913e+00
1.805600437000000058e+00
1.944243003000000192e+00
2.215678410999999848e+00
2.066295011999999875e+00
1.891176362000000166e+00
2.360351796999999863e+00
2.485701243999999921e+00
1.718620287999999663e+00
1.777165154999999830e+00
1.736717570999999793e+00
1.837870480999999945e+00
2.404330025000000148e+00
2.243164896999999769e+00
2.039102128000000125e+00
2.116896647999999992e+00
2.337028729999999666e+00
2.148504984999999756e+00
2.447621316999999852e+00
1.709094136000000042e+00
