1.828680066135999871e+00
1.258558819660000161e+00
1.593678752896000139e+00
1.261414020656000057e+00
1.508879512651999821e+00
1.706278965095999967e+00
1.665996649015999864e+00
1.787477210123999960e+00
1.359133758420000060e+00
1.211808201640000027e+00
1.543673991076000229e+00
1.786833415531999814e+00
1.445071978395999990e+00
1.280033851823999758e+00
1.517246313763999765e+00
1.719638710963999895e+00
1.437915202316000007e+00
1.706151215967999901e+00
1.126870942059999825e+00
1.266870142628000018e+00
1.326332147924000004e+00
1.563738686583999948e+00
1.443350354844000094e+00
1.237149987936000173e+00
1.665362237699999914e+00
1.807020820088000246e+00
1.130597088879999879e+00
1.188428975116000208e+00
1.218827863100000020e+00
1.293277051903999997e+00
1.710936941552000157e+00
1.649155582979999979e+00
1.364496205348000091e+00
1.556920760116000002e+00
1.644730785467999779e+00
1.419398736371999759e+00
1.671343466087999996e+00
1.220656083234838984e+00
