1.594481602000000109e+00
1.528666534999999937e+00
1.560321790000000153e+00
1.947986975999999926e+00
1.948809892999999960e+00
1.635010331000000150e+00
1.350143333999999973e+00
1.367943184999999895e+00
1.220211928999999973e+00
1.347430934000000136e+00
1.299269312999999926e+00
1.670750180999999834e+00
1.400160824999999942e+00
1.442464450000000120e+00
1.694442044999999952e+00
1.549601447000000132e+00
1.591923302000000096e+00
1.551935854999999975e+00
1.490877376999999893e+00
1.531085027000000265e+00
1.573878682000000140e+00
1.362511698999999910e+00
1.363216033000000049e+00
1.433516323999999953e+00
1.494418188999999675e+00
1.399942631000000048e+00
1.486565509999999923e+00
1.772633612000000136e+00
1.463913400000000031e+00
1.535189096999999725e+00
1.559199413000000201e+00
1.309907680999999879e+00
1.788507538999999813e+00
1.630786401000000163e+00
1.881762498000000061e+00
1.430677838999999896e+00
1.596025928000000205e+00
1.228761153999999856e+00
