5.043632582312114199e-01
9.327479333140288320e-01
7.410789961131071246e-01
6.416154895088307386e-01
1.066238497316038814e+00
7.891979494303077436e-01
9.417536566353256200e-01
6.653951469887746661e-01
7.499362147526364986e-01
9.037558237763728686e-01
6.287191479662742610e-01
6.206502757888630040e-01
8.720223767938750647e-01
9.111621416928241679e-01
3.590709154449842067e-01
9.046989218516564568e-01
6.410602738234189024e-01
8.119310275879547678e-01
4.900099180802615639e-01
2.004437765265704441e-01
3.136490422802211686e-01
5.265915607756411765e-01
5.886426938645592521e-01
2.361622113694579195e-01
2.800153961274257641e-01
2.720740120738444623e-01
4.566674103969205478e-01
4.478647523997510427e-01
1.647669730218260520e-01
8.192626017372596492e-02
2.552518191956765214e-01
1.074811446609612170e-01
9.697274006981011774e-02
9.835904403961776704e-03
4.071990540634596312e-01
2.629733647439717603e-01
6.832784124458253505e-02
4.375464912416164587e-02
7.924694653771678643e-02
2.240891706658382776e-01
7.141932731990613403e-02
2.015124196435282011e-01
3.246609886538195933e-01
