9.445384709999999906e-01
1.382158559999999703e+00
1.173607663999999939e+00
1.034461787999999993e+00
1.507622747999999957e+00
1.239679091999999816e+00
1.414289783999999717e+00
1.087478681999999974e+00
1.153490602000000198e+00
1.378835588000000278e+00
1.091362559000000010e+00
1.067136447999999849e+00
1.347288974999999889e+00
1.403088808999999770e+00
8.596172799999999281e-01
1.328587408999999830e+00
1.051210232000000078e+00
1.316815657999999889e+00
9.282639779999999341e-01
5.780397099999999844e-01
8.721814159999998761e-01
1.014460074999999906e+00
1.149216384999999896e+00
6.911672099999999208e-01
7.695651599999999704e-01
7.387039199999998473e-01
9.409837060000001419e-01
9.715772350000000390e-01
4.826544649999999770e-01
3.459589740000000302e-01
6.152225210000000777e-01
3.936575820000000059e-01
3.919879440000000326e-01
1.214472990000000086e-01
9.064299930000000449e-01
7.318383840000000085e-01
4.250886320000000218e-01
2.776183220000000285e-01
3.159784829999999767e-01
