5.958039489999999994e+00
6.595653647999999869e+00
6.027093145999999457e+00
5.511975374000000372e+00
5.818205791999999654e+00
5.911101204000000386e+00
5.922219596999999780e+00
5.609122705999999958e+00
6.279774659000000092e+00
6.744017494000000390e+00
5.714572827000000466e+00
5.189081164000000079e+00
6.237067900999999637e+00
5.990478583000000690e+00
5.892254684000000076e+00
6.058933545000000365e+00
6.043225156000000098e+00
5.803099512000000182e+00
6.474164060000000553e+00
5.813659868000000230e+00
5.630583173999999858e+00
5.875099722999999940e+00
5.398898392999999629e+00
6.403982191999999962e+00
5.808654721999999992e+00
6.005997222000000413e+00
6.314776990999999562e+00
5.941635012000000771e+00
5.895878754999999138e+00
5.883663973999999186e+00
5.409358091999998841e+00
5.639604123000000691e+00
5.898991900999999594e+00
5.808109288999999897e+00
5.605646193999999305e+00
5.888800694999999585e+00
6.138342034999999086e+00
5.865473612999999808e+00
