3.772975136000000340e+00
3.737830882000000798e+00
3.882935224000000130e+00
3.801703974000000041e+00
3.624114170999999995e+00
3.685727200000000536e+00
3.624515479999999901e+00
3.478627263999999997e+00
3.612349051999999894e+00
3.697246328999999943e+00
4.190885399999999983e+00
3.605422610000000194e+00
3.632065296999999582e+00
3.953647921000000398e+00
3.952059572999999659e+00
3.990860244999999917e+00
3.850350889999999637e+00
3.143952502999999954e+00
3.592099938000000048e+00
3.688811308999999650e+00
3.896783580999999774e+00
3.762636367999999898e+00
3.530665339999999652e+00
3.711154876000000158e+00
3.993349833000000348e+00
4.310345642999999782e+00
3.874268392000000283e+00
4.061308824000000151e+00
3.579713172000000387e+00
3.632906629999999915e+00
3.799899032000000343e+00
4.293421404000000052e+00
3.811888634000000220e+00
3.866615458999999699e+00
3.898277338000000203e+00
4.222046618999999446e+00
3.492726199999999892e+00
3.369210113000000284e+00
