1.380405131999999924e+00
2.353165585000000171e+00
2.826576365999999396e+00
2.670779635000000152e+00
2.655056925999999873e+00
2.961030458999999837e+00
3.082741545000000194e+00
2.623856770999999810e+00
3.424235753000000493e+00
3.086598758000000498e+00
2.770327827000000021e+00
2.683228681999999754e+00
2.583529872999999810e+00
2.948626864000000403e+00
2.558983002999999812e+00
2.790493332000000049e+00
3.164998843000000228e+00
3.050171592000000320e+00
2.846844109000000067e+00
3.612156415000000287e+00
3.214721733999999831e+00
2.934535866000000048e+00
3.174791654999999935e+00
2.637421309999999686e+00
2.540200476999999957e+00
2.630468969999999906e+00
2.620505378999999913e+00
2.894035224000000017e+00
3.538126210000000160e+00
3.223676227999999977e+00
2.607958191999999897e+00
3.194586799000000088e+00
3.259560708000000417e+00
2.768075352000000322e+00
3.073305995999999762e+00
3.477966303000000092e+00
2.682441769000000420e+00
2.548532472999999854e+00
