1.121109746946400243e+01
1.173301389038399911e+01
1.197747969891999986e+01
1.116770038459999981e+01
1.146252882675999807e+01
1.197394473419599947e+01
1.225104667297200045e+01
1.076181183677999975e+01
1.114919821089999807e+01
1.222221094087199944e+01
1.134793804380399962e+01
1.127752635423599870e+01
1.138593118316799924e+01
1.112705139310800107e+01
1.175268239823599892e+01
1.169773368768800026e+01
1.141710970199199870e+01
1.117447832785200035e+01
1.152401056232799981e+01
1.180247787802000126e+01
1.143504173859199824e+01
1.174570546294000017e+01
1.092330366748799975e+01
1.158632451990800050e+01
1.139363177505600078e+01
1.167025536609599889e+01
1.172578601783200014e+01
1.153063813922000236e+01
1.205783366224800091e+01
1.191148057351199796e+01
1.171732280357599976e+01
1.184720096144399903e+01
1.165844404119600064e+01
1.197014157579599924e+01
1.268224778338399972e+01
1.216447370640399939e+01
1.181932372689600008e+01
9.606829823398923551e+00
