1.670544437999999854e+00
1.438854321000000214e+00
1.640229152999999940e+00
1.286422991000000016e+00
1.452608246999999908e+00
1.390970886999999934e+00
1.528259574000000010e+00
1.864820353000000042e+00
1.489014907999999915e+00
1.085307423000000160e+00
1.324887272999999865e+00
1.847513598000000146e+00
1.097277276000000024e+00
1.143838426999999935e+00
1.384222245000000129e+00
1.155893893000000006e+00
1.231735718999999785e+00
1.423301545000000168e+00
9.650964000000000764e-01
1.498410032000000003e+00
1.519153470000000006e+00
1.288611865000000023e+00
1.537255913000000085e+00
1.133132192999999788e+00
1.423581141999999966e+00
1.495198019000000045e+00
9.894004259999999995e-01
9.773983429999999473e-01
1.228837471999999931e+00
1.124502922000000016e+00
1.317305189000000043e+00
1.855118573999999798e+00
1.137269963000000272e+00
1.428777122000000288e+00
1.741949936000000143e+00
1.428532684999999969e+00
1.566085557999999933e+00
9.720268310000000911e-01
