2.776960631308000416e+00
2.871187494788000283e+00
2.983770587671999763e+00
2.871145262956000366e+00
2.727553356187999434e+00
2.778141318008000127e+00
2.813852665336000314e+00
2.377334753959999603e+00
2.704951911608000081e+00
2.721594771012000091e+00
3.121462302868000194e+00
2.557205563383999625e+00
2.610157123647999899e+00
2.941295226091999560e+00
2.871864788776000044e+00
2.892651812380000020e+00
2.629601404872000003e+00
2.299216790216000117e+00
2.689152430412000250e+00
2.870699255743999867e+00
2.901584392499999776e+00
2.720348741151999761e+00
2.629338431476000437e+00
2.617451628252000617e+00
3.006435159363999965e+00
3.190455445903999987e+00
2.789605477123999755e+00
3.109607223111999996e+00
2.720540841023999956e+00
2.761559201896000015e+00
2.854820572476000073e+00
3.316519917299999509e+00
2.928314669151999894e+00
2.874845586204000103e+00
3.020841097139999931e+00
3.120503375123999668e+00
2.623045885352000450e+00
2.356731039804531580e+00
