2.696862230039632213e-01
6.708303380938072102e-01
6.876951085149062282e-01
6.969425671552499368e-01
4.377446931491315030e-01
2.828774278000563691e-01
1.714373722887095330e-01
5.723329878370527757e-01
4.644161451181028077e-01
6.166406827217013609e-01
7.631264359929783581e-01
4.101955742230822821e-01
3.104857169552866503e-01
6.044114825231395871e-01
5.244092947216265621e-01
4.134273611891314260e-01
3.249972591913392050e-01
4.834098741180549164e-01
3.140455753798615524e-01
5.798617399139660566e-01
4.259993268483991402e-01
2.786565723443828468e-01
1.656775803859815432e-01
2.730532643862724207e-01
4.910058313038472844e-01
2.136576257904749809e-01
2.381333418269730162e-01
3.080904475352838623e-01
2.906279644983779664e-01
1.602913615510178635e-01
2.487886093534338039e-01
1.897267606743234247e-01
2.517739277297526002e-01
2.153990246762823024e-01
1.558645385733866129e-01
2.402116068530158188e-01
1.946369254311821617e-01
1.693120779731126235e-01
9.845650146736194264e-02
1.168564034402154034e-01
1.561362322768292954e-01
1.993780584335188566e-01
9.948393356393220310e-02
