6.946048224533271087e-01
6.125874385630696306e-01
4.658653467636300616e-01
6.130144227809606328e-01
5.691166209891548311e-01
5.334440282611155881e-01
4.993461086091615098e-01
6.414033926368505334e-01
5.628884475283066902e-01
4.604524168553022490e-01
4.601601873759575967e-01
5.501708261070299422e-01
5.034206772042061351e-01
6.191351405852855150e-01
4.677582051975366917e-01
4.622159776187804159e-01
4.985773165792697914e-01
5.901558921284052461e-01
5.931681529476657833e-01
2.327178065870392498e-01
3.200896315721279417e-01
3.813993163782634643e-01
4.476280277600767632e-01
4.334143569331971868e-01
5.174475798829867301e-01
5.653100520972352827e-01
4.567012321217320259e-01
3.390618481063417122e-01
2.750061952034200119e-01
3.166007363602386104e-01
4.086748555715520870e-01
3.010188006236432789e-01
2.155951780882739977e-01
1.824125800403044173e-01
4.433478284999531338e-01
4.505923159434712111e-01
2.895216113722128282e-01
3.399415487352870358e-01
4.335982293935700671e-01
5.056148628951738777e-01
3.508924433238735929e-01
3.683355974262886856e-01
4.539906678049240862e-01
