9.403711460000000466e-01
9.022931029999999852e-01
1.054774799999999901e+00
9.466897760000000384e-01
8.711170369999999830e-01
8.392873579999999833e-01
7.407466669999999143e-01
7.737496719999999994e-01
8.280399760000001219e-01
8.253531849999999892e-01
7.399021420000000404e-01
9.223441359999999811e-01
7.695167940000000595e-01
7.979256449999999612e-01
9.532031170000000442e-01
1.005856695000000078e+00
9.613028740000000294e-01
8.607857290000000550e-01
8.416368219999998956e-01
8.172379210000000338e-01
8.089064820000000378e-01
7.970799899999999605e-01
8.096656929999999086e-01
9.237642869999999062e-01
8.885735230000000318e-01
8.501223820000000098e-01
8.299984830000000091e-01
7.401441079999999673e-01
9.357852849999999112e-01
1.009302396000000046e+00
9.190434970000000980e-01
7.261417090000000796e-01
1.026463923999999972e+00
1.047926890000000055e+00
1.257910418000000030e+00
8.896743710000001304e-01
9.588937969999999922e-01
8.635618870000001390e-01
