3.526372244999999683e+00
3.654620709000000467e+00
3.746871877000000239e+00
3.653922856000000330e+00
3.618547036000000272e+00
3.522494254999999796e+00
3.769735607999999516e+00
3.547688517000000097e+00
3.465080446999999619e+00
3.627609671000000535e+00
4.043572582000000359e+00
3.773804936999999970e+00
3.362417527999999933e+00
3.603000079000000078e+00
3.912378763000000426e+00
3.855822701999999769e+00
3.708412863999999587e+00
3.287765659999999812e+00
3.571575595999999742e+00
3.510993762000000018e+00
3.819599941000000332e+00
3.616801410999999966e+00
3.596805390000000102e+00
3.703424127999999982e+00
3.652357367999999660e+00
4.169973555000000331e+00
3.805239353999999796e+00
4.053559346999999313e+00
3.480752861000000031e+00
3.438369797000000450e+00
3.621662299000000029e+00
4.096010641999999535e+00
3.626506329999999778e+00
3.859887077999999860e+00
3.856945990999999907e+00
4.200474222000000424e+00
3.521173425999999829e+00
3.289535464000000076e+00
