2.842902351760000279e+00
2.971093723324000013e+00
3.005867801608000267e+00
3.003540374423999904e+00
3.370777251124000173e+00
3.399568713252000052e+00
3.550250762940000193e+00
2.889131528027999885e+00
2.999466915311999937e+00
3.137676965404000207e+00
3.323700348760000089e+00
3.174388903647999971e+00
3.115430710467999909e+00
3.091713370411999673e+00
3.167663661028000011e+00
3.241612239679999785e+00
3.012061895115999643e+00
3.664070413755999844e+00
3.211120808396000115e+00
3.684031993495999746e+00
3.461655717411999955e+00
3.648926126103999579e+00
3.296709667583999970e+00
3.335048949872000179e+00
2.808052756379999959e+00
2.916223178472000299e+00
3.340829076263999831e+00
3.377936839612000419e+00
3.885682679195999967e+00
3.425124768840000389e+00
3.468047854256000484e+00
3.290429595796000140e+00
3.270218595228000069e+00
3.374747963140000362e+00
3.384037377851999651e+00
3.725312393712000514e+00
2.926621157984000465e+00
3.178699816267954503e+00
