1.161226888000000068e+00
8.053164529999999877e-01
6.384430110000000047e-01
7.292934460000001229e-01
6.782046719999998974e-01
9.893463479999999866e-01
8.424007179999999373e-01
9.274087869999999567e-01
8.886674149999999051e-01
7.216770799999999708e-01
3.870934619999999993e-01
1.608583030000000080e-01
3.423199310000000217e-01
7.139371679999999554e-01
4.402639949999999636e-01
7.096640430000000777e-01
2.978320680000000054e-01
1.145389187000000142e+00
7.131115420000000427e-01
7.928669699999999487e-01
5.471391129999999547e-01
4.192979709999999915e-01
8.413898329999999204e-01
3.417891470000000154e-01
2.361927229999999656e-01
5.240758439999999574e-01
1.091732649999999916e-01
2.383011909999999678e-01
1.723338010000000087e-01
1.282033810000000051e-01
1.480715629999999894e-01
2.350912240000000153e-01
1.133852709999999958e-01
1.519337499999999855e-02
3.370596670000000072e-01
2.024071819999999911e-01
6.178866799999999798e-02
9.025110100000000024e-02
1.260576549999999907e-01
2.047793089999999927e-01
2.957927899999999999e-02
1.519337499999999855e-02
6.002865500000000021e-02
