6.416201690000000735e-01
1.110963990999999984e+00
9.633515700000000459e-01
7.811588970000000742e-01
1.236371249999999922e+00
1.006858875000000042e+00
1.149169647999999988e+00
8.478603270000000247e-01
9.136831040000000792e-01
1.126379872999999865e+00
8.117625629999999370e-01
7.373214829999999997e-01
1.032128332999999953e+00
1.122982759999999969e+00
5.471810329999999833e-01
1.080395733999999885e+00
7.702085250000000327e-01
9.928214459999999963e-01
6.101569800000000710e-01
3.848451049999999651e-01
5.612224949999999879e-01
7.725231359999999992e-01
8.913327189999998845e-01
3.796549560000000434e-01
4.526509710000000131e-01
3.701425080000000367e-01
6.099410339999998820e-01
7.045695779999999742e-01
2.702205009999999463e-01
1.504214940000000167e-01
3.880741410000000391e-01
1.793031380000000008e-01
1.716705360000000125e-01
2.251029400000000014e-02
5.441787210000000874e-01
4.039247699999999885e-01
1.792638570000000264e-01
1.099325260000000026e-01
1.286250080000000129e-01
3.178723039999999944e-01
1.288801360000000062e-01
3.773790180000000660e-01
6.564815789999999263e-01
