2.994957650999999998e+00
3.765789677000000335e+00
3.423708685999999890e+00
3.599379650000000375e+00
3.743240668000000326e+00
3.626080069999999989e+00
3.901694728999999917e+00
3.435661539999999903e+00
3.864357928999999636e+00
3.998483344999999911e+00
3.708643455999999894e+00
3.890325562000000126e+00
3.610172445000000341e+00
3.752608025999999875e+00
3.594265703000000034e+00
3.699766165000000218e+00
3.820472346999999935e+00
3.947476600000000335e+00
3.688239746999999902e+00
4.315279183000000351e+00
4.365642649999999847e+00
4.034319696999999927e+00
3.753428426000000151e+00
3.431062058999999831e+00
3.494368735000000115e+00
3.746201672999999843e+00
4.191752197999999652e+00
4.024167290000000285e+00
4.277193876000000117e+00
4.123160455999999918e+00
3.704282674000000330e+00
4.058275328000000570e+00
4.087390887000000639e+00
3.727748092000000124e+00
3.806900740000000116e+00
4.068280768000000158e+00
3.613605710999999943e+00
3.439594600000000391e+00
