1.362475507566399990e+01
1.448627401100799972e+01
1.434394359598400115e+01
1.365252298947600096e+01
1.383843371442000070e+01
1.365344911018799934e+01
1.429005806251199751e+01
1.323209030790400043e+01
1.362218256561200036e+01
1.435052826090800338e+01
1.379160761981599848e+01
1.374210834384399860e+01
1.373006626750799875e+01
1.378846653008799983e+01
1.411379318886800505e+01
1.400270827689999997e+01
1.349861148435199887e+01
1.387701101366000067e+01
1.404128647123600437e+01
1.448323727638800129e+01
1.416108358814000034e+01
1.418694392362000123e+01
1.326944828365200024e+01
1.375847894596799925e+01
1.380024787529999841e+01
1.405676179272799864e+01
1.395707352043999983e+01
1.460967601624800238e+01
1.452624711646799760e+01
1.405512369641600223e+01
1.426773215932800198e+01
1.434217286224399857e+01
1.412783371440800018e+01
1.435716890124399825e+01
1.504442937399599955e+01
1.475295365603200004e+01
1.427673826609999885e+01
1.279011072733171872e+01
