1.176886784696000054e+00
1.010615869416000123e+00
1.697032765931999698e+00
1.575438263215999779e+00
1.277791459688000009e+00
1.316969499572000046e+00
1.251553976304000004e+00
1.303663611823999924e+00
1.365724245228000067e+00
1.042259367047999818e+00
1.365932812307999900e+00
1.303161047804000106e+00
1.293103880552000096e+00
1.341794020583999991e+00
1.404757948899999942e+00
1.193988530256000047e+00
1.257606231300000044e+00
1.406469581716000006e+00
1.379977603963999933e+00
1.456811827471999887e+00
1.362057019464000263e+00
1.266186702007999987e+00
1.089595607016000001e+00
1.358293188968000331e+00
1.131570871843999848e+00
1.511699368267999999e+00
1.257806860216000189e+00
1.219584017339999882e+00
1.168074247307999913e+00
1.215133063280000147e+00
1.150363037092000162e+00
1.381608841764000006e+00
1.385864809728000191e+00
1.559656799584000053e+00
1.559070482032000049e+00
1.214678578875999948e+00
4.255978014688800215e+01
