8.595700660079999000e-01
1.493759402068000064e+00
1.857969686979999979e+00
1.570681199212000001e+00
1.478218488091999960e+00
1.753764760191999894e+00
1.889630100483999708e+00
1.689901912040000065e+00
2.502508599440000037e+00
1.759315399052000295e+00
1.665440946784000120e+00
1.787078870772000005e+00
1.456610936691999925e+00
1.670555295219999792e+00
1.573501020284000074e+00
1.744492688907999911e+00
2.094688679003999798e+00
1.886724313215999871e+00
1.789406486844000055e+00
2.356677335923999639e+00
2.036335767308000033e+00
1.758860619512000012e+00
1.954258592083999879e+00
1.804444354656000060e+00
1.659098295448000027e+00
1.625241700791999921e+00
1.576569955460000116e+00
1.797907428408000108e+00
2.365998184576000085e+00
2.091319412847999715e+00
1.681104816540000213e+00
1.892073711719999940e+00
1.692451238756000009e+00
1.860632678616000124e+00
1.937265460183999810e+00
2.372094572032000137e+00
1.637530282080000177e+00
1.617393516589032298e+00
