6.205811458880000631e-01
8.378285163480001518e-01
7.393904996959999032e-01
5.587043304359998741e-01
1.023016996171999926e+00
7.426195653079999959e-01
9.420232593880000227e-01
4.385705556280000139e-01
1.117456684783999954e+00
9.990768211440000934e-01
1.012897733231999942e+00
7.064455013520000159e-01
6.916622060120001247e-01
8.408820089440001144e-01
6.758888122440001034e-01
7.083026682639999017e-01
6.834329416439999250e-01
6.001514274640000757e-01
6.477943944160000633e-01
9.100868548400000702e-01
9.646087602799999772e-01
6.669366629280000236e-01
8.745188314519999340e-01
6.492032006960000157e-01
8.056283784120000790e-01
8.286234296400001309e-01
7.769109133760001562e-01
8.535074852280001290e-01
8.496978951800000512e-01
8.344923634840000215e-01
9.274056279280000759e-01
1.415791168008000200e+00
7.249093544039999504e-01
6.566046976879998942e-01
1.029912137275999839e+00
8.067989098600001352e-01
4.614428294160000110e-01
5.191749922048859434e-01
