2.628276251756000548e+00
2.847167371583999795e+00
2.959988319892000064e+00
2.877260015312000263e+00
2.768546264375999932e+00
2.620732608703999933e+00
2.933540413500000277e+00
2.636076640004000105e+00
2.736658105123999984e+00
2.772074347328000066e+00
3.253597325996000045e+00
2.999283065459999786e+00
2.616902123955999748e+00
2.801378889603999500e+00
3.033598102012000197e+00
2.919540525579999990e+00
2.801431994607999965e+00
2.377177400088000159e+00
2.735454439340000210e+00
2.685655309536000068e+00
2.838202245116000277e+00
2.773796692752000137e+00
2.838707136492000238e+00
2.814684887776000011e+00
2.823618481631999799e+00
3.302920789803999835e+00
2.852518360080000370e+00
3.227864019176000188e+00
2.782795314203999837e+00
2.588658831392000259e+00
2.799463769900000010e+00
2.998208858859999548e+00
2.761697831268000058e+00
3.012103492347999456e+00
3.049043053264000047e+00
3.151747024100000072e+00
2.745482355304000421e+00
2.534513924439320220e+00
