5.194161577000000030e+00
5.915517048752000129e+00
5.636088984859998874e+00
4.843130279071999666e+00
5.067592082632000228e+00
5.006679776307999319e+00
5.151153799240001163e+00
4.971120794459999104e+00
5.554873272460000067e+00
5.705278352459999702e+00
5.010246218920000771e+00
4.701953375111999733e+00
5.624253479115999710e+00
5.267684529731999632e+00
5.173473003104000156e+00
5.128719734919999773e+00
4.989272328620000252e+00
4.976158271535999766e+00
5.615362827832000470e+00
5.195410938172000392e+00
4.809841766612000136e+00
5.377068105388000951e+00
4.804516837456000111e+00
5.472265564607999622e+00
4.943720829336000655e+00
4.877177946636000350e+00
5.455200818811999142e+00
5.503695897744000476e+00
5.476812657691999320e+00
5.272134856015999738e+00
5.001599713780001011e+00
4.796169309616000298e+00
5.218936081779999903e+00
5.295621743799999948e+00
5.400932891023999538e+00
5.329838879079998648e+00
5.441324114648000254e+00
4.936016638616249175e+00
