3.748416515999999810e+00
3.758707594999999735e+00
3.906302957999999492e+00
3.821034148000000297e+00
4.321912922000000101e+00
4.322666118999999973e+00
4.356783784000000104e+00
3.636752511000000077e+00
3.830409352000000212e+00
4.151282050999999917e+00
4.229956815999999620e+00
4.086625006000000226e+00
4.055511135999999794e+00
3.933398466999999954e+00
3.974603783000000057e+00
4.088966907000000539e+00
3.867068487000000054e+00
4.595862915000000548e+00
4.167155069999999739e+00
4.573766146999999727e+00
4.531549431000000183e+00
4.633078841000000558e+00
4.216436322999999931e+00
4.218716784999999803e+00
3.704693875999999886e+00
3.820620654999999921e+00
4.241635828999999802e+00
4.291579687999999670e+00
4.828635823000000826e+00
4.205544276000000359e+00
4.405596070000000530e+00
4.295272025000000049e+00
4.197159108999999333e+00
4.300508366999999943e+00
4.447204230999999730e+00
4.554612537000000572e+00
3.867817689999999864e+00
4.151913668999999807e+00
