4.752727762684000545e+00
4.877755651335999865e+00
4.717807839328001407e+00
4.165927592311999383e+00
4.347626869772000191e+00
4.599518576032000539e+00
4.673957740620000578e+00
4.136541541796000310e+00
4.496516736747999232e+00
5.257001731979999093e+00
4.255318497736000793e+00
3.930187293651999703e+00
4.785559415459999855e+00
4.268312111700000244e+00
4.574068626516000435e+00
4.733203065284000033e+00
4.439021066771999813e+00
4.092800843827999913e+00
4.965908308371999702e+00
4.051752428008000173e+00
4.128651436908000072e+00
4.583352628955999819e+00
3.770763477188000312e+00
5.208508969152000567e+00
4.348843516048001234e+00
4.488810309471999993e+00
4.711204941040000094e+00
4.289138527416000990e+00
4.829774918680000084e+00
4.548080865403999695e+00
4.321168980703999907e+00
3.841730003436000018e+00
4.663782955775999106e+00
4.551228855679999796e+00
4.571995967848000220e+00
4.618687790499999224e+00
4.832042234407999182e+00
3.754255175485382345e+00
