1.927485976000000267e+00
1.774959159000000009e+00
1.866742970000000001e+00
2.525615515000000144e+00
2.383470442000000133e+00
2.051339696999999962e+00
2.100156070999999791e+00
1.866852282000000196e+00
1.890153745000000107e+00
1.992418425999999965e+00
1.293048436000000079e+00
1.983516585000000054e+00
1.950353041000000065e+00
1.830377704000000216e+00
2.038440630999999836e+00
2.077158374000000141e+00
1.796583107000000012e+00
2.037969070000000382e+00
2.030396134000000075e+00
2.201811147000000357e+00
2.027078675999999913e+00
1.609656393999999935e+00
1.827924198999999916e+00
1.738990284999999858e+00
2.114864918999999954e+00
1.782530988000000205e+00
2.229904797000000105e+00
2.148942187999999920e+00
1.880408301999999976e+00
1.825488824000000232e+00
1.861370307000000057e+00
1.797787406000000088e+00
2.084932016000000221e+00
2.248205878999999463e+00
2.190565625000000516e+00
2.153252273000000105e+00
1.818666620000000123e+00
1.877185966999999733e+00
