6.575160840000000562e+00
7.727412005999999778e+00
7.121465661999999419e+00
6.334335180999999260e+00
6.530933608000000667e+00
6.616506584000000579e+00
6.402836209000000167e+00
6.210991509000000299e+00
7.297201417999999329e+00
7.109498616000000659e+00
6.630419948999999313e+00
6.179759413000000201e+00
7.021057006000000378e+00
7.155450837000000064e+00
6.690629248999999668e+00
6.550280990000000081e+00
7.003376461999999414e+00
6.674200596999999568e+00
6.828133144999999793e+00
6.712104086999999275e+00
6.394294656000000465e+00
6.833877412000000540e+00
6.496367560999999569e+00
6.601055987999999708e+00
6.763528554999999720e+00
6.726509313000000212e+00
7.103569076000000315e+00
6.833846524000000144e+00
7.229643936000000437e+00
6.796163937000000210e+00
6.932040511999999488e+00
6.442614920000001355e+00
6.697771235000000267e+00
6.793603292999999432e+00
6.748054615999999228e+00
6.987706715000000735e+00
6.596275727999999283e+00
7.111051068999999281e+00
