5.127446716000000571e+00
4.799085614000000888e+00
4.983099992000000533e+00
3.841539773000000491e+00
4.531981986999999990e+00
4.774715288000000335e+00
5.013327131999999686e+00
3.981952286999999924e+00
5.693353525000000026e+00
5.290686939000000422e+00
4.057631587999999567e+00
3.792779010999999922e+00
5.459529920999999675e+00
4.586565217999999611e+00
4.805101633000000483e+00
4.426358733999999906e+00
4.696685839999999779e+00
4.161669099000000038e+00
5.273867439000000878e+00
3.600942337000000215e+00
4.301735223999999747e+00
4.531702568999999237e+00
3.773761974000000130e+00
5.559361569000000891e+00
4.962283232999999960e+00
4.728180244000000698e+00
4.825961685000000223e+00
4.375509261000000372e+00
5.339789970000000885e+00
5.270644167000000380e+00
4.549948012999999847e+00
3.785028862999999966e+00
5.490486401000000960e+00
4.856968318999999923e+00
4.967093826000000156e+00
5.064919406999999651e+00
5.124954315999999288e+00
3.422251201999999992e+00
