2.865813862668000311e+00
2.584754187516000279e+00
2.620037164972000010e+00
2.581563123979999652e+00
2.650425023643999900e+00
2.844845311419999856e+00
2.962239822416000479e+00
2.562437251840000041e+00
3.705767001976000063e+00
3.234768538416000094e+00
2.595226975875999820e+00
2.606834832479999697e+00
3.312000791347999407e+00
2.354964122528000026e+00
2.827558431396000049e+00
2.997695398215999951e+00
2.838055513343999969e+00
2.269721456467999943e+00
3.110463854879999879e+00
1.988133110139999937e+00
2.279562163748000359e+00
2.870622807159999734e+00
2.156478720832000207e+00
3.803029788456000038e+00
3.096743449092000056e+00
2.744977105644000215e+00
2.574056342867999891e+00
2.550246882980000240e+00
3.801059904131999900e+00
3.104426451523999653e+00
3.004416436464000029e+00
1.979779551100000035e+00
3.513687650424000442e+00
3.136282983196000185e+00
3.390573426959999637e+00
3.439502347908000246e+00
3.218967213727999876e+00
1.878786995458584963e+00
