1.586608422800000007e+01
1.671343564300000040e+01
1.636196336600000123e+01
1.603291984199999831e+01
1.631338565299999743e+01
1.659021435800000077e+01
1.642855350800000025e+01
1.554199229899999679e+01
1.588728097600000311e+01
1.667192217499999884e+01
1.613406914600000519e+01
1.606260221299999813e+01
1.613219464699999861e+01
1.632761590300000165e+01
1.647162476999999825e+01
1.648788611699999862e+01
1.603901936199999767e+01
1.641468527899999685e+01
1.632024577299999990e+01
1.671517286899999633e+01
1.638895571399999795e+01
1.629948705799999686e+01
1.587958117099999988e+01
1.599686183499999892e+01
1.659021953700000296e+01
1.662249638700000176e+01
1.682647403299999667e+01
1.681289662400000040e+01
1.628921019599999909e+01
1.661870534299999846e+01
1.637695382200000083e+01
1.696540097900000177e+01
1.619992533899999998e+01
1.668313871799999859e+01
1.724561297600000387e+01
1.671411671399999932e+01
1.656159053099999667e+01
1.453662001100000012e+01
