1.770826019308000099e+00
2.117766701119999873e+00
2.233326860844000006e+00
1.898428982620000038e+00
2.052263509075999970e+00
2.354141118248000097e+00
2.355545273491999936e+00
1.603636595908000118e+00
1.769928152240000330e+00
2.044876763543999942e+00
2.299091005644000152e+00
1.853250371327999968e+00
1.886723777180000061e+00
2.112010310836000215e+00
2.245765128696000090e+00
1.951680874488000095e+00
1.779528650728000372e+00
1.677595310311999821e+00
1.988128061300000082e+00
2.190762597223999908e+00
2.067686960744000046e+00
2.082332733012000059e+00
2.038696251707999618e+00
1.686874468547999939e+00
2.181590498192000460e+00
2.216229227431999682e+00
2.279192022968000053e+00
2.305450390504000246e+00
1.878714038744000003e+00
2.225881976628000025e+00
2.210803344731999687e+00
2.593048756704000368e+00
1.736176362235999804e+00
2.026403956964000219e+00
2.228131179215999680e+00
2.024155443491999939e+00
1.918557503152000132e+00
1.449844299189521957e+00
