1.723645236000000081e+00
1.758060944999999986e+00
1.588022464000000022e+00
2.347492172999999571e+00
2.207647338000000126e+00
1.953122211999999802e+00
1.951195880000000216e+00
1.926570196999999984e+00
1.927633558000000136e+00
1.962706322000000059e+00
1.606570329000000186e+00
1.958125800999999777e+00
1.851978089000000161e+00
1.899033163000000135e+00
1.933685136999999887e+00
1.978156323999999744e+00
1.753387054000000278e+00
1.874087295999999903e+00
2.035579880999999869e+00
2.018677569999999921e+00
2.036739567999999778e+00
2.040623478999999740e+00
1.801035484000000020e+00
1.527859145000000085e+00
1.990218636000000263e+00
1.681799413000000021e+00
2.161906258000000580e+00
1.820055676999999816e+00
1.769523541000000089e+00
1.694682189999999977e+00
1.816117457000000046e+00
1.659354924000000064e+00
2.112205659000000235e+00
1.957135742000000178e+00
2.182048766000000306e+00
2.113264034000000180e+00
1.801737515999999983e+00
6.020867760399999469e+01
