2.955684387999999885e+00
3.196685401000000759e+00
3.290701345000000444e+00
3.201545728000000146e+00
2.976898858000000203e+00
3.637584335000000113e+00
3.463676442999999772e+00
2.824856178999999745e+00
2.964224025000000040e+00
3.182427397000000102e+00
3.467936906999999902e+00
2.913412415999999450e+00
3.075059192000000330e+00
3.420141878999999552e+00
3.465863820000000040e+00
3.253396459000000629e+00
2.844289552000000221e+00
2.817448016000000166e+00
3.202974176000000117e+00
3.339829433000000236e+00
3.099721870000000212e+00
3.337635201000000329e+00
3.205058850999999542e+00
2.894146072999999930e+00
3.620193085000000366e+00
3.393157211999999756e+00
3.512890339999999778e+00
3.452168636999999762e+00
3.018225960999999735e+00
3.527897910000000081e+00
3.370962956000000066e+00
3.737046344999999548e+00
2.828387257000000155e+00
3.408634329999999935e+00
3.427267282000000304e+00
3.313237807000000146e+00
3.343697682000000171e+00
2.366227593999999712e+00
