1.961217891719999828e+00
1.504425892403999931e+00
1.590410360271999890e+00
1.555610836612000059e+00
1.396396016451999955e+00
1.597790354860000095e+00
1.736964858664000078e+00
1.976470113104000115e+00
1.510726620132000209e+00
1.171921502119999792e+00
1.558973293164000129e+00
1.765825127612000056e+00
1.605744904027999853e+00
1.409913933571999900e+00
1.536037709536000051e+00
1.715967859140000051e+00
1.646452153368000104e+00
1.701228741692000002e+00
1.774596258976000041e+00
1.532020880744000113e+00
1.537526364780000154e+00
1.772177450871999849e+00
1.725314770092000183e+00
1.196970523964000055e+00
1.691661678923999990e+00
1.862291731188000066e+00
1.169979313763999995e+00
1.403635182492000144e+00
1.203901797072000068e+00
1.481950620616000025e+00
1.714308247116000050e+00
1.764609959416000073e+00
1.622553599912000211e+00
1.656275806176000120e+00
1.882787955412000169e+00
1.480226197344000072e+00
2.050630704596000164e+00
1.342528197279232227e+00
