4.406652180000000252e-01
9.986655740000000003e-01
9.423873310000000503e-01
9.459600440000001109e-01
6.307719960000000015e-01
5.184301230000000205e-01
3.602393170000000033e-01
8.587800009999999595e-01
7.854439990000000593e-01
9.922774709999999665e-01
1.059581365999999969e+00
7.015147849999999741e-01
5.606001259999999764e-01
8.464368690000000361e-01
7.842019669999998888e-01
6.192143230000000109e-01
4.843087670000000289e-01
8.049041190000000290e-01
5.419251449999999970e-01
9.063704099999999597e-01
8.295154190000001426e-01
4.853576059999999970e-01
3.336011859999999940e-01
5.667348700000001127e-01
7.142401020000000988e-01
3.691417570000000703e-01
3.501732579999999873e-01
5.185070939999999462e-01
4.251234419999999625e-01
2.864530520000000413e-01
3.835115610000000008e-01
3.088828809999999980e-01
3.522329879999999691e-01
3.430453399999999764e-01
2.750553690000000495e-01
4.026853160000000709e-01
2.973655460000000361e-01
2.582979599999999931e-01
1.751364119999999913e-01
2.196889319999999757e-01
2.699329719999999933e-01
3.185106970000000093e-01
2.087699449999999846e-01
