2.114401805092000153e+00
2.777668180955999322e+00
2.621059023092000118e+00
2.759539049355999918e+00
2.686679857991999931e+00
2.790402456903999795e+00
3.021101730395999496e+00
2.580701459380000173e+00
2.975903794439999750e+00
3.058665661531999813e+00
2.648559857764000380e+00
2.827209389480000556e+00
2.649686663108000051e+00
2.762600696099999809e+00
2.677627655040000221e+00
2.766084261884000028e+00
3.003326601756000080e+00
2.983356874267999892e+00
2.680854183195999774e+00
3.395793504172000432e+00
3.205330495500000154e+00
2.944494990399999956e+00
2.823991482728000157e+00
2.583344943828000062e+00
2.474841988391999870e+00
2.696129739836000461e+00
2.903951709184000141e+00
2.918463117712000177e+00
3.297606352180000311e+00
3.115484535108000053e+00
2.712802885463999836e+00
3.029389986167999815e+00
3.061494039680000334e+00
2.844015272847999931e+00
2.866743000807999930e+00
3.220585411255999730e+00
2.752227845012000351e+00
2.592893802784294710e+00
