2.633196306999999958e+00
2.170724286000000003e+00
2.277926733999999787e+00
2.311899849999999645e+00
2.016448399000000169e+00
2.157632502000000230e+00
2.412281289999999689e+00
2.720725708000000242e+00
2.238469744000000095e+00
1.840701803999999830e+00
2.133293230999999679e+00
2.487629012999999834e+00
2.245600446000000527e+00
1.950697382999999840e+00
2.129573809000000040e+00
2.426457049999999782e+00
2.360157834000000232e+00
2.329017724999999928e+00
2.590825574000000131e+00
2.197784939000000382e+00
2.309327147000000302e+00
2.486069789999999724e+00
2.332015710000000297e+00
1.965610358000000168e+00
2.394501669999999915e+00
2.677634331999999784e+00
1.814351506999999808e+00
2.097900271000000316e+00
1.878001297999999819e+00
2.252164217999999885e+00
2.396339722000000005e+00
2.586949563999999757e+00
2.368493811000000004e+00
2.236289858000000130e+00
2.593054281000000127e+00
2.227729634999999764e+00
2.954307436999999759e+00
2.016961795999999918e+00
