2.718635070404000320e+00
3.061430357579999928e+00
2.885983924775999743e+00
3.073600693616000079e+00
2.977509464679999329e+00
2.963860189147999868e+00
3.336179848915999724e+00
2.977392067748000137e+00
2.945503378819999796e+00
3.528284454263999503e+00
3.313892649352000230e+00
3.282207896747999953e+00
2.869143539628000283e+00
3.147529481684000263e+00
3.034877868267999990e+00
3.109226314875999986e+00
3.184870408624000060e+00
3.525009163428000303e+00
3.316780027804000053e+00
3.714585510787999922e+00
3.762206551735999938e+00
3.324028457875999987e+00
3.159734731083999826e+00
3.147211269943999579e+00
2.783673217795999744e+00
3.111476684959999961e+00
3.342932470951999857e+00
3.384870333759999905e+00
3.770320189647999864e+00
3.410621060336000099e+00
3.500744814220000389e+00
3.421380001468000032e+00
3.310594060551999895e+00
3.170026032868000332e+00
3.447324612151999812e+00
3.477664771755999862e+00
3.107707508616000425e+00
3.165805855301330407e+00
