1.343422022515550474e+01 1.430288883462329430e+01 1.434217312845422754e+01 1.362337056011988246e+01 1.220797151895063948e+01 1.044790099774652248e+01 8.369425393677936142e+00 6.291487633249199796e+00 5.762001403528921095e+00 7.941696507806976335e+00 9.846061280197552890e+00 1.193376497260929092e+01
1.344014566951932110e+01 1.437822787564357263e+01 1.469749743757750338e+01 1.401093247436896583e+01 1.246635839807616897e+01 1.034001586632154179e+01 8.061493429922254705e+00 6.502935124660179866e+00 6.091724253403884681e+00 7.877889560741386354e+00 1.015323747348375782e+01 1.179992319511145915e+01
1.344604094582743592e+01 1.453304254410687335e+01 1.447272178815387811e+01 1.341693644088268833e+01 1.212227867636908840e+01 1.029007314156507746e+01 8.080806873987791406e+00 5.783279881135873879e+00 5.397319156292166298e+00 7.752271019872420510e+00 9.900024541741062833e+00 1.196206746803561138e+01
1.360880382645949105e+01 1.442365836642106380e+01 1.464189500924971021e+01 1.355211472073456136e+01 1.200769930596676716e+01 1.029408037250486885e+01 8.026298783560893213e+00 6.005114717931668622e+00 5.549536557840843543e+00 7.393727545799062106e+00 9.622430779291606839e+00 1.194637745129044859e+01
1.330336839203867783e+01 1.409197815389427433e+01 1.413622682297660482e+01 1.311014820203208586e+01 1.173539425482984910e+01 1.027019492961760783e+01 8.302846348089321538e+00 6.042343292702684110e+00 5.612240803492023034e+00 7.522964329750312373e+00 9.877436531524107721e+00 1.188211594890409906e+01
1.290568086000557457e+01 1.352073494661200925e+01 1.383156725743068982e+01 1.328265198468576180e+01 1.194984372145573026e+01 9.865165154777454148e+00 7.545828401476512681e+00 5.432603090941844570e+00 5.064800123305769119e+00 6.883091939888020150e+00 9.730193094626015338e+00 1.162440140261541366e+01
1.270355533654214852e+01 1.348783199609891525e+01 1.358485905734550414e+01 1.298306207258349865e+01 1.147025959069127410e+01 9.735391187355796561e+00 7.423523810662608469e+00 5.606622127618438256e+00 5.311679572984662201e+00 7.077050813524452977e+00 9.188289835779666959e+00 1.130701989973688804e+01
1.297078748377559698e+01 1.375645966700479583e+01 1.371568839858510813e+01 1.297369395055319963e+01 1.184513627637222477e+01 9.698784191110204844e+00 6.742658350581745452e+00 4.379228871932450140e+00 3.767485933611204985e+00 5.547001002544911685e+00 9.198954848367481674e+00 1.133190090157796348e+01
1.313737572870457804e+01 1.417784610415400692e+01 1.437103653777982082e+01 1.354475634565308972e+01 1.201202080620547896e+01 9.933627413280850860e+00 7.582792242422714324e+00 5.017687515510831808e+00 4.207823499108118703e+00 6.900185699845859055e+00 9.885274000829973318e+00 1.177076393067167537e+01
1.319251961089062242e+01 1.403042383790128156e+01 1.420284360462010476e+01 1.365773865823983435e+01 1.219020713902315123e+01 1.011194113322364529e+01 7.594051571234539111e+00 5.317990242916467380e+00 4.796073008116946923e+00 6.499590873736364571e+00 9.347380488275145893e+00 1.156698835619043919e+01
1.298314604171481434e+01 1.379741684618767117e+01 1.431764452124296128e+01 1.377486287792198638e+01 1.176507330130829132e+01 9.393841720525461625e+00 7.187986746064273014e+00 5.132452148405662662e+00 4.334547869009152343e+00 6.569635272539612991e+00 9.198436356045665008e+00 1.121343683245083334e+01
1.269215129128084563e+01 1.358707351734624424e+01 1.369627097322942788e+01 1.322410161459523437e+01 1.163933547314590733e+01 9.465510427043081876e+00 6.786275887064278756e+00 4.547516151573279153e+00 4.059352175794860074e+00 6.021856352583487393e+00 9.307818249410484412e+00 1.150384417932034786e+01
1.300548263157380369e+01 1.365665822368379700e+01 1.432976463540920342e+01 1.365618444216053717e+01 1.193430619262525205e+01 9.347341487844799346e+00 6.600878274514099253e+00 3.778459304552568732e+00 3.043580424093735637e+00 5.439893721319498887e+00 8.899606350012676970e+00 1.134252475586190556e+01
1.288931523868118489e+01 1.394289399399989193e+01 1.418970032398130243e+01 1.344213752392459149e+01 1.206091024702731396e+01 1.024050744069739771e+01 7.220080325024633261e+00 5.262477717475150030e+00 4.758063847542883806e+00 7.021417383817814439e+00 9.503933446013062891e+00 1.157872491579724006e+01
1.292900839947406233e+01 1.353327792734229362e+01 1.385653171507636650e+01 1.316243487287078651e+01 1.181578642958564451e+01 9.735202862331238549e+00 7.229443268584901716e+00 5.335204024090595354e+00 4.689157039241647951e+00 6.762063319196915501e+00 9.666644731115178857e+00 1.169546971929695722e+01
1.289116438974246037e+01 1.364849408808085407e+01 1.351209918100377472e+01 1.303420334172676220e+01 1.157126597208721996e+01 9.714418440247067466e+00 7.120411525783167939e+00 4.792473727267976713e+00 4.188573274524782342e+00 6.553089747059311243e+00 9.385412214840716416e+00 1.138381690455127426e+01
1.272548876633615400e+01 1.339788913394120584e+01 1.357734038617097738e+01 1.272915622250025969e+01 1.095662992790708401e+01 9.158625586036054145e+00 6.819929809856727587e+00 4.449022017359419046e+00 4.004313513955210624e+00 5.648894240978761694e+00 8.225243378238182856e+00 1.081162834576260146e+01
