9.418590783596304306e+00
9.797365066317128779e+00
9.399800629517468309e+00
1.009664998301393268e+01
1.006710504136415452e+01
9.275148997054948552e+00
9.518716962853726926e+00
9.934426322184361169e+00
1.001590465705872290e+01
1.017418962711046326e+01
9.691188056721131261e+00
9.903176121902767193e+00
9.491940043670268778e+00
1.000918196171805619e+01
9.799173926190599460e+00
9.956810247308556683e+00
9.269724960265312674e+00
9.003470834461152705e+00
9.304687217758214501e+00
9.134042357021568748e+00
9.521685232381861042e+00
9.105940099127165510e+00
9.313053808916187393e+00
8.995427538584840121e+00
8.812887128355370692e+00
9.208118203594651163e+00
9.045125140532046970e+00
8.377005642724094869e+00
8.305640845838379249e+00
9.039921978558851379e+00
8.337343863504790065e+00
8.419888874007558144e+00
8.492404701607560114e+00
8.040234399526605458e+00
8.636148553451700849e+00
8.736934788544511221e+00
8.464733395295077401e+00
6.937407912778446928e+00
