5.639193189805694395e+00
5.956266559108365222e+00
5.515819533198489388e+00
5.430670101856476251e+00
5.753878962232499283e+00
5.080906770488952340e+00
5.267969843873234304e+00
5.807820231867491856e+00
5.958454376560794685e+00
5.636638048424456038e+00
5.098928984204379233e+00
4.811408301400652121e+00
4.742932420294624585e+00
5.687464356401179977e+00
4.845105990955733688e+00
5.407331524115725152e+00
4.708054397548651515e+00
5.877153437441892336e+00
5.144580196468703903e+00
4.552667011484658133e+00
4.565271598257785612e+00
4.597480680508430062e+00
4.839160782618145973e+00
4.298897462332073260e+00
4.311653396788604375e+00
4.661292136654403784e+00
4.339715773108528296e+00
4.275585276819334091e+00
3.054430759981449750e+00
3.286620732207682138e+00
3.791569558466492129e+00
3.362293245442861789e+00
3.238626604554072141e+00
2.434747604933795717e+00
3.812050298694769523e+00
3.772402893222286835e+00
3.452910386066051274e+00
2.863720056868952479e+00
