5.575581095238899110e+00
5.899707652842232086e+00
5.436919759811556396e+00
5.363356218705543021e+00
5.674118592061565103e+00
4.994156839911667589e+00
5.193957246621524249e+00
5.738821672202540469e+00
5.923263420057193862e+00
5.591288800181788865e+00
5.053439836296371723e+00
4.766761531529185802e+00
4.692432416993824518e+00
5.633605057626247081e+00
4.795476701636266270e+00
5.365055902062257687e+00
4.666978897497451761e+00
5.844275338826958155e+00
5.099397281683502037e+00
4.505187657608080265e+00
4.509629158600053422e+00
4.563006523157764782e+00
4.803546134417479685e+00
4.255365881330740230e+00
4.275530609501270618e+00
4.626438042319072075e+00
4.303438473731994840e+00
4.232472168844535254e+00
3.018660163639850680e+00
3.245525601843948671e+00
3.747494796035826248e+00
3.313270241078061673e+00
3.206761855609938650e+00
2.396000452013927973e+00
3.771343991977436083e+00
3.730319874272820968e+00
3.399303549076184261e+00
2.824323195444281343e+00
