7.192428384780310324e+00
7.516475760810980233e+00
7.325701964798216004e+00
7.636229034348003708e+00
7.815033229305377027e+00
6.893456604935432885e+00
7.129483640242169962e+00
7.884494084285680771e+00
7.771221912667799714e+00
7.764806514651442448e+00
7.171654221772625348e+00
6.972594376731278132e+00
6.975949155328720508e+00
7.978928977423598745e+00
7.276578167107640382e+00
7.470074846208799357e+00
6.185343615143654716e+00
7.780631724167561103e+00
6.661417962366027012e+00
6.937547624338686880e+00
7.060669882107549533e+00
6.927010536283061626e+00
6.858417573540235956e+00
6.472981001827665892e+00
6.227445428197622590e+00
6.633343152535965181e+00
6.008650462779135282e+00
6.017037774981715437e+00
4.486903842261571462e+00
5.740506569250649171e+00
5.185833348276842614e+00
5.464174452332138721e+00
4.944702633481399268e+00
4.551939888820069058e+00
5.926895456927693040e+00
5.648579329239106883e+00
5.451503750596774722e+00
4.288770423844735724e+00
