7.139481943533332320e+00
7.743389622000000472e+00
7.225951721266667960e+00
7.377195144799999937e+00
7.475601910133332417e+00
6.878949159666665203e+00
6.780115428133333566e+00
7.488041503333333182e+00
7.334495127200001185e+00
7.403940459433331789e+00
7.043497348166666505e+00
6.178260274033333665e+00
6.511060369466666664e+00
7.502707362633333155e+00
6.421970321466665688e+00
7.164120534966667009e+00
6.109291001466667481e+00
7.608611968133333292e+00
6.717579607833332744e+00
6.563296088633332914e+00
6.136039201566666712e+00
6.267542533199999433e+00
6.748741899766667274e+00
5.841855939566666933e+00
6.137164593466666318e+00
5.999280387233333123e+00
5.533473530000000196e+00
5.884524896699999452e+00
4.292635211933332862e+00
4.712433591933334220e+00
5.288841984700000332e+00
4.890879662166667252e+00
4.593248548133333387e+00
3.596479199833333862e+00
5.237862628033332690e+00
5.247880954233333561e+00
4.643552704566666911e+00
4.483028722000000243e+00
