1.121258203200000025e+01
1.175329376699999706e+01
1.123813932199999854e+01
1.200706303800000185e+01
1.171668043199999865e+01
1.134867371300000016e+01
1.148370024200000294e+01
1.184513945299999982e+01
1.163999987999999775e+01
1.176651274700000194e+01
1.160282299300000020e+01
1.141531351100000258e+01
1.119811336399999924e+01
1.194451070399999892e+01
1.181223711200000182e+01
1.139708428700000198e+01
1.109199866400000012e+01
1.064999294400000274e+01
1.096962751599999919e+01
1.081711264299999975e+01
1.104950962700000083e+01
1.059681480399999920e+01
1.096759015800000014e+01
1.082375005599999795e+01
1.035124269299999966e+01
1.069536637400000068e+01
1.054273743100000083e+01
9.894305528000000294e+00
1.009960215399999939e+01
1.067038913200000039e+01
1.029206483299999952e+01
9.908480903000002726e+00
1.007267038100000001e+01
9.975666276000001886e+00
1.029832672199999877e+01
1.042199662200000176e+01
1.014040178100000134e+01
9.070069946999998578e+00
