7.260322992999999947e+00
7.889432959000000523e+00
7.283149571000000044e+00
7.482702184000000756e+00
7.571751578000000649e+00
7.139940975000000023e+00
6.961388609000000116e+00
7.586426904000000526e+00
7.541523586000000279e+00
7.534654905999999208e+00
7.087552426000000239e+00
6.276446329999998852e+00
6.592637466999999418e+00
7.586019600999998502e+00
6.541600852000000188e+00
7.242099012000000613e+00
6.180370676999999979e+00
7.909632098999999528e+00
6.774347021999998830e+00
6.615373451999999155e+00
6.285889592000000192e+00
6.355727413999999520e+00
6.771624915999999494e+00
5.975884839999999087e+00
6.179045052000000204e+00
6.074416630000000872e+00
5.591715721000000805e+00
5.946000971999999329e+00
4.320496849999999611e+00
4.745935192999999330e+00
5.396662952999999874e+00
4.942798829000000005e+00
4.643851469000000343e+00
3.640041754000000740e+00
5.364188013999999782e+00
5.303005077000000789e+00
4.693266717000001087e+00
4.710349261000000176e+00
