1.429734114319354532e+01 1.519281441362068641e+01 1.527015650609677344e+01 1.454016220023333616e+01 1.309966059754838952e+01 1.171693629676666504e+01 9.679984835354838779e+00 7.473282147129031827e+00 6.612403644833334759e+00 8.551703839451612055e+00 1.039747337143333361e+01 1.266025271264516228e+01
1.427513721600000274e+01 1.527519247203571418e+01 1.554672241483870998e+01 1.480689343296666749e+01 1.347386309732257637e+01 1.153669416156666472e+01 9.209419657387098113e+00 7.635495991612904376e+00 6.964095044533334722e+00 8.430000786580645666e+00 1.075986076756666598e+01 1.262270010119354779e+01
1.429290293438709725e+01 1.540505177971428630e+01 1.539803912341935543e+01 1.424397496743333313e+01 1.291979552196774250e+01 1.161109462590000163e+01 9.486461332516126888e+00 6.826744339451612298e+00 6.103163917600000765e+00 8.365704818580645963e+00 1.049353874073333337e+01 1.273751915364516130e+01
1.444752872441935487e+01 1.524106952642857316e+01 1.554781912012903078e+01 1.453720184793333381e+01 1.295358922719354666e+01 1.160601339586666647e+01 9.433262566903225732e+00 7.102729390709677126e+00 6.323299889500000326e+00 8.027622006129032428e+00 1.017062095290000201e+01 1.274982922722580803e+01
1.413006340596773924e+01 1.500316325206896551e+01 1.504503987296774348e+01 1.397898460193333570e+01 1.248468573483871147e+01 1.142124310913333218e+01 9.616734198290323832e+00 7.121108455516127478e+00 6.263752176700000618e+00 8.048210716064515324e+00 1.049985516123333262e+01 1.264366727206451735e+01
1.374647132554838613e+01 1.444420759017857314e+01 1.472115189167742066e+01 1.409695723623333130e+01 1.288787388541935464e+01 1.121993833953333386e+01 8.819932453838708497e+00 6.436058422580644311e+00 5.736562664566664971e+00 7.578711688967742610e+00 1.029275144006666842e+01 1.233217412803225876e+01
1.355967765106451672e+01 1.435100976103571568e+01 1.445336248754838593e+01 1.388026067459999702e+01 1.249010753629032244e+01 1.098351982769999857e+01 8.584387830870968017e+00 6.635619848645160523e+00 6.118605654700000507e+00 7.784010539064516010e+00 9.739164877399996811e+00 1.213716878135483768e+01
1.379766203458064489e+01 1.462080614375000209e+01 1.461519691816129018e+01 1.392182878370000054e+01 1.278402919103225521e+01 1.124690087519999970e+01 8.057776570322580767e+00 5.414473918161290200e+00 4.349737131800000434e+00 6.271730153612903536e+00 9.871234798233333052e+00 1.213390556638709761e+01
1.402419587845161253e+01 1.508503000506896718e+01 1.530069727138709901e+01 1.442340357286666652e+01 1.305676549406451237e+01 1.141769710430000195e+01 8.915277640903227052e+00 6.197010063451614315e+00 4.882251257266667643e+00 7.703220323193549213e+00 1.058895688783333178e+01 1.252746163970967608e+01
1.403592161703225827e+01 1.491545162146428538e+01 1.511695935225806231e+01 1.452511155603333570e+01 1.324115967861290066e+01 1.150819093913333369e+01 8.862626469161289933e+00 6.422987483806451792e+00 5.494963052666665959e+00 7.308791480741937185e+00 1.008133716949999581e+01 1.238623472967742067e+01
1.378731804912903058e+01 1.469823789857142948e+01 1.519700660325806396e+01 1.474974826146666729e+01 1.291256128716129048e+01 1.086103200773333555e+01 8.432881557096774117e+00 6.212090532967741829e+00 5.130610432699999279e+00 7.360755693225806695e+00 9.810943490233333009e+00 1.200065489564516064e+01
1.358996935987097032e+01 1.443954100360714143e+01 1.466143956358064671e+01 1.413146479746666806e+01 1.276255208970967736e+01 1.094514562786666723e+01 8.005290464870968847e+00 5.702066957193549612e+00 4.744786710633333016e+00 6.883032828838709705e+00 9.999573478233335422e+00 1.243440057912903285e+01
1.390759807932257885e+01 1.474169087093103236e+01 1.531132823377419605e+01 1.465473601060000064e+01 1.306396001180644895e+01 1.091755344683333462e+01 7.962255904161288811e+00 4.896015916548386748e+00 3.603945533966666392e+00 6.065848690838708812e+00 9.595737103266666068e+00 1.223551719899999846e+01
1.386533430370967679e+01 1.483720920642856989e+01 1.507481776132257956e+01 1.431470115483333139e+01 1.306120964990322619e+01 1.156597467769999987e+01 8.493704669290321974e+00 6.142204374387095989e+00 5.370381259833333587e+00 7.700022161290321243e+00 1.021403398833333576e+01 1.237072821129032185e+01
1.386006666645161722e+01 1.459548759900000015e+01 1.491982568145160926e+01 1.413636818399999662e+01 1.274792821393548437e+01 1.123727188566666690e+01 8.448992994838709691e+00 6.259946791129033627e+00 5.455230937133333846e+00 7.563366056774191826e+00 1.033685089509999777e+01 1.251165314032258280e+01
1.370215819277419023e+01 1.448736843007142916e+01 1.445698182329032200e+01 1.395606955929999948e+01 1.247536742335483950e+01 1.105673999576666588e+01 8.673137450645162616e+00 6.007859972709677088e+00 4.900883430800001328e+00 7.344417289548386130e+00 1.011865188940000060e+01 1.218605441222580765e+01
1.362229946677419790e+01 1.437949923651723871e+01 1.458578932348387269e+01 1.371654778719999968e+01 1.196830849283870712e+01 1.061621065483333126e+01 8.281672405999998432e+00 5.766434452354839202e+00 4.954212280733334417e+00 6.388226294451612830e+00 9.017867724466666957e+00 1.187927424180644920e+01
