9.444262238000000309e+00
9.494566137000001405e+00
9.230958433999999713e+00
1.003741013399999815e+01
9.713810784000001419e+00
8.886171763000001889e+00
8.931230763999998601e+00
9.943550000000000111e+00
9.351663408999998595e+00
9.498336654000002710e+00
9.542695151999998515e+00
9.396175678000002307e+00
9.193045365000001468e+00
9.637340447999999782e+00
9.237875141000001733e+00
9.520678898000001666e+00
8.965556550000000513e+00
9.419960965000003128e+00
8.790794999000002719e+00
8.872918718000001093e+00
9.121254103000001834e+00
8.932314569000002535e+00
8.586416153999998357e+00
8.808408502000000695e+00
8.659825753999999876e+00
8.490176682999999613e+00
8.474506131000000053e+00
8.346061596000001970e+00
6.780575713999999365e+00
8.437420862999999827e+00
7.549789654999999655e+00
7.731930618999999005e+00
7.180009777000000426e+00
7.092169121999999604e+00
8.146693190999998890e+00
8.119344119999999165e+00
7.797305047000000933e+00
6.442417093999999622e+00
